# T muB eHG nBHG eQGP nBQGP 
0.11612399999999999   0.5 0.0012846127507914595 0.0008326412978564167 0.0013183255571711 0.0008641947918302405 
0.115922 0.501 0.0012774640586467995 0.0008305318719549431 0.0013122098210793496 0.0008628871313157098 
0.11572 0.502 0.0012712795578020241 0.0008291215565994175 0.001306114111268048 0.0008615627745159925 
0.11551600000000001 0.503 0.001265034027867472 0.0008276585941559846 0.00130003833928869 0.0008602283800892383 
0.115313 0.504 0.0012589129686428962 0.0008261794060606622 0.0012939824174220652 0.0008588740793208806 
0.11510899999999999 0.505 0.0012527200701608467 0.0008247193609470635 0.001287946258674487 0.0008575064488989533 
0.11490399999999999 0.506 0.0012458869584351774 0.0008227227988477475 0.0012819297767740464 0.0008561253896477362 
0.114698 0.507 0.001239726855084403 0.0008212348601854136 0.0012759328861668786 0.0008547308043347681 
0.11449200000000001 0.508 0.0012335582925307304 0.0008197118321211522 0.001269955502013446 0.0008533197547106035 
0.114286 0.509 0.001227563247247585 0.0008181724991215136 0.0012639975401848582 0.0008518923915783036 
0.114079  0.51 0.0012214322915357185 0.0008166376458170254 0.0012580589172591875 0.0008504515466467664 
0.113871 0.511 0.0012148090774094873 0.0008146594205686949 0.0012521395505178208 0.0008489971289852782 
0.113663 0.512 0.0012087943986682304 0.0008130383380134305 0.001246239357941827 0.0008475265287926421 
0.113454 0.513 0.0012028283673863236 0.0008114553412089942 0.0012403582582083293 0.0008460423395093572 
0.113245 0.514 0.0011968609806683524 0.0008098893758548777 0.0012344961706869215 0.0008445421131035299 
0.113035 0.515 0.0011908722519430707 0.0008082395037695127 0.0012286530154360738 0.0008430282858176122 
0.11282500000000001 0.516 0.0011845830216622867 0.0008063131947826896 0.0012228287131995782 0.000841498569621582 
0.112614 0.517 0.0011785494638277174 0.0008047408902263119 0.0012170231854029948 0.000839955245331573 
0.112402 0.518 0.0011726932528207787 0.0008030333975910267 0.0012112363541501364 0.0008383982335164848 
0.11219 0.519 0.0011667585772561029 0.000801331891395663 0.0012054681422195431 0.0008368254836621311 
0.11197700000000001  0.52 0.001160577118275303 0.0007993542942034249 0.001199718473060999 0.0008352390471123779 
0.111764 0.521 0.0011547626620760653 0.0007977223810369343 0.0011939872707920445 0.0008336370292473358 
0.111551 0.522 0.001148996201148776 0.0007960012976907933 0.0011882744601945275 0.0008320195851397235 
0.111336 0.523 0.0011431146720051963 0.0007942867314804332 0.0011825799667111434 0.0008303902091761092 
0.111122 0.524 0.0011373775347012787 0.000792584571056315 0.001176903716442017 0.0008287438220140756 
0.110906 0.525 0.0011313541185546743 0.0007906558481262697 0.0011712456361412885 0.0008270853653131255 
0.11069 0.526 0.001125563632075099 0.0007889033456638901 0.001165605653213706 0.0008254116569971895 
0.110474 0.527 0.0011199240455913074 0.0007871356844147253 0.0011599836957112515 0.0008237228542911741 
0.11025700000000001 0.528 0.0011141977815568571 0.0007853174692492113 0.001154379692329774 0.0008220204141529489 
0.11004000000000001 0.529 0.0011085411717038276 0.0007835689322568364 0.001148793572405627 0.0008203030475006801 
0.109822  0.53 0.001102719528757014 0.0007815880713782655 0.0011432252659123458 0.0008185720672206186 
0.10960299999999999 0.531 0.0010970914802222737 0.0007798523438978534 0.0011376747034573076 0.000816827415115767 
0.109384 0.532 0.001091492218066788 0.0007779849928867082 0.0011321418162784315 0.0008150680225316566 
0.10916500000000001 0.533 0.0010859179339576196 0.0007761971633480136 0.0011266265362408817 0.0008132940481138206 
0.10894499999999999 0.534 0.0010801813204208345 0.000774207800672234 0.001121128795833784 0.0008115065217589679 
0.108724 0.535 0.0010746572445286845 0.0007723310943061366 0.001115648528166962 0.0008097053916990001 
0.108503 0.536 0.001069123908076463 0.0007704511010277947 0.0011101856669676737 0.0008078898759576735 
0.108281 0.537 0.0010636288312301063 0.0007686174773364072 0.0011047401465773795 0.0008060607976158518 
0.108059 0.538 0.0010581611704743896 0.0007667063514426465 0.001099311901948507 0.0008042175154242704 
0.107836 0.539 0.001052566859275153 0.0007647334143376656 0.0010939008686412423 0.0008023607163273634 
0.107613  0.54 0.0010471846805903675 0.0007628187596815019 0.001088506982820317 0.0008004898979491926 
0.10739 0.541 0.0010417913069467623 0.0007609313221935099 0.001083130181251826 0.0007986052207330273 
0.107166 0.542 0.0010364206332560957 0.0007590307913607231 0.001077770401300044 0.0007967071703362348 
0.10694100000000001 0.543 0.001030984691151973 0.0007569433643622505 0.0010724275809242624 0.0007947957078537184 
0.10671599999999999 0.544 0.0010256242783341365 0.0007550791873592119 0.0010671016586756268 0.0007928706027836412 
0.10649 0.545 0.0010202832517909478 0.0007530946879148466 0.0010617925736940037 0.0007909321450547831 
0.106264 0.546 0.0010149897017353324 0.0007511491524498484 0.0010565002657048402 0.0007889802374523828 
0.106037 0.547 0.0010097030368529725 0.0007491794812486865 0.0010512246750160475 0.0007870150411810791 
0.10581 0.548 0.0010043363642471262 0.0007470853545531434 0.001045965742514888 0.0007850365904404357 
0.105583 0.549 0.0009991683982976487 0.0007451574667216294 0.0010407234096648788 0.0007830450473477458 
0.105355  0.55 0.0009939637748931519 0.0007431381995842498 0.001035497618502699 0.0007810403829535906 
0.10512600000000001 0.551 0.000988784703308606 0.0007411113414724766 0.0010302883116351134 0.0007790225711897436 
0.104897 0.552 0.0009835086909337537 0.0007390657068396528 0.0010250954322359052 0.0007769919031726427 
0.104667 0.553 0.0009783969942633362 0.0007370159212986943 0.0010199189240428178 0.0007749481654020009 
0.104437 0.554 0.0009732897355459971 0.0007349289183112375 0.0010147587313545027 0.0007728917747682604 
0.104207 0.555 0.0009681913222984879 0.0007329584530446167 0.0010096147990274818 0.000770822894550868 
0.103976 0.556 0.0009630495042842335 0.0007307881629943763 0.0010044870724731205 0.0007687411294989933 
0.103745 0.557 0.0009580346963899812 0.0007288486935327238 0.0009993754976546038 0.0007666470806481542 
0.10351300000000001 0.558 0.0009529731562260455 0.0007267179611852909 0.0009942800210839251 0.0007645402345691198 
0.10328 0.559 0.0009479076943870638 0.0007246070325988196 0.0009892005898188866 0.0007624205779650018 
0.103048  0.56 0.0009429607785213938 0.0007225667882215801 0.0009841371514601016 0.0007602896864478758 
0.10281399999999999 0.561 0.0009378914851696776 0.0007203882524790038 0.00097908965414801 0.0007581453445509638 
0.102581 0.562 0.0009329856742524568 0.0007182822930365918 0.0009740580465599015 0.0007559900957168551 
0.102346 0.563 0.000927972751379734 0.0007161441066655508 0.000969042277906945 0.0007538213805037954 
0.102112 0.564 0.0009231254813724132 0.0007140707440762937 0.0009640422979312258 0.0007516420869987113 
0.101877 0.565 0.0009182081960225362 0.0007118659153524375 0.0009590580569027963 0.0007494503940353995 
0.10164100000000001 0.566 0.0009132637304769345 0.000709748402901149 0.0009540895056167258 0.0007472462988817455 
0.101405 0.567 0.000908455920094774 0.0007075838933079717 0.0009491365953901607 0.0007450309875435436 
0.101169 0.568 0.000903638225511483 0.000705449306183661 0.0009441992780593956 0.0007428046246086245 
0.10093200000000001 0.569 0.0008987436542336139 0.000703261816876706 0.0009392775059769445 0.0007405660796186323 
0.10069499999999999  0.57 0.0008939790712836922 0.0007010919670972334 0.000934371232008628 0.0007383167038548196 
0.10045699999999999 0.571 0.0008891959040439567 0.0006989137230465453 0.0009294804095306537 0.0007360552611310175 
0.10021899999999999 0.572 0.0008844553069485579 0.0006967263974122442 0.0009246049924267189 0.0007337832109263474 
0.09998059999999999 0.573 0.000879666105544058 0.0006944907900603086 0.0009197449350851059 0.0007315001159090545 
0.0997416 0.574 0.0008749381372177156 0.0006922681902095313 0.0009149001923957902 0.0007292057672242652 
0.0995023 0.575 0.0008702691372230142 0.000690068913132129 0.0009100707197475566 0.0007269007191930367 
0.0992625 0.576 0.0008655892021939641 0.0006878783931378546 0.0009052564730251123 0.0007245847592248427 
0.09902230000000001 0.577 0.0008609248565455353 0.000685633636464249 0.0009004574086062128 0.0007222581471200395 
0.0987817 0.578 0.0008562330949240006 0.0006833886442996478 0.0008956734833587952 0.0007199209876483347 
0.09854059999999999 0.579 0.0008516582375925812 0.0006811084308289055 0.0008909046546381049 0.0007175732056396045 
0.0982992  0.58 0.0008470275645624532 0.0006788711790037839 0.0008861508802838434 0.0007152152630598929 
0.0980574 0.581 0.0008424449038629147 0.0006766410012343213 0.0008814121186173054 0.0007128470906876878 
0.0978151 0.582 0.0008378789131762629 0.0006743433894390214 0.000876688328438532 0.0007104686005944897 
0.0975725 0.583 0.0008333064028445241 0.0006720543910929262 0.0008719794690234618 0.000708080285183915 
0.0973295 0.584 0.000828788199512407 0.0006697979327575056 0.0008672855001210912 0.0007056820623071703 
0.09708610000000001 0.585 0.0008242829018004407 0.0006675348218499685 0.0008626063819506337 0.0007032740404294631 
0.09684229999999999 0.586 0.0008197483351939093 0.0006652083331423637 0.0008579420751986846 0.0007008563285296925 
0.0965981 0.587 0.0008152612692548161 0.0006629038502368109 0.0008532925410163942 0.0006984290360967139 
0.0963535 0.588 0.0008108234692448518 0.0006606150133623532 0.0008486577410166384 0.0006959922731255395 
0.09610850000000001 0.589 0.0008063620644804879 0.000658298490369742 0.0008440376372711976 0.000693546150113484 
0.09586320000000001  0.59 0.0008019140383668052 0.0006559586792061208 0.0008394321923079316 0.0006910910089907972 
0.09561750000000001 0.591 0.0007974977996204553 0.0006536421563111041 0.0008348413691079673 0.0006886267388958472 
0.0953714 0.592 0.0007931320070591102 0.0006513413848997122 0.0008302651311028846 0.0006861534516626041 
0.095125 0.593 0.000788769526399056 0.0006489653364063111 0.0008257034421719017 0.0006836715032689256 
0.09487820000000001 0.594 0.0007843432582683602 0.0006466000611185592 0.0008211562666390721 0.0006811807711464684 
0.094631 0.595 0.0007800224734184445 0.0006443001326626159 0.0008166235692704704 0.0006786813684301601 
0.09438339999999999 0.596 0.0007756989769987963 0.0006419270546404862 0.0008121053152713967 0.0006761734087289672 
0.0941356 0.597 0.0007714079740313397 0.0006395920762016702 0.0008076014702835713 0.0006736575259850807 
0.09388729999999999 0.598 0.0007670951976184764 0.000637201538464233 0.0008031120003823341 0.0006711330667884575 
0.0936387 0.599 0.0007628136191217459 0.0006348389442369594 0.0007986368720738487 0.0006686006697079372 
0.0933898   0.6 0.0007585717996547722 0.0006324383246410782 0.0007941760522923064 0.0006660604616027333 
0.0931405 0.601 0.000754335743494773 0.00063007323862144 0.0007897295083971293 0.0006635122940747189 
0.0928908 0.602 0.0007500711232672036 0.0006276471500209857 0.0007852972081701813 0.0006609562830505483 
0.0926408 0.603 0.0007458533748988112 0.0006252992533398041 0.0007808791198129716 0.0006583928277654591 
0.0923905 0.604 0.0007416682945441557 0.0006228947000764474 0.0007764752119438674 0.0006558220559825714 
0.0921399 0.605 0.0007375166060873725 0.0006204959099778671 0.0007720854535953016 0.0006532440956058135 
0.09188890000000001 0.606 0.0007332834053178173 0.0006180601346495233 0.0007677098142109844 0.0006506587810095185 
0.0916376 0.607 0.0007291544593393875 0.0006156478540507957 0.0007633482636431164 0.0006480665270291601 
0.091386 0.608 0.0007250446037596159 0.0006132295930370685 0.0007590007721495979 0.000645467462114807 
0.091134 0.609 0.0007209007856073436 0.0006108403354451223 0.0007546673103912424 0.0006428614108110747 
0.0908817  0.61 0.0007167563654444385 0.0006084017012412206 0.0007503478494289897 0.0006402487991288273 
0.09062909999999999 0.611 0.0007127236841810548 0.0006059556714944272 0.0007460423607211149 0.0006376297560245572 
0.0903762 0.612 0.0007086531633898911 0.000603526660582169 0.0007417508161204463 0.0006350044105655682 
0.09012300000000001 0.613 0.0007046331905925263 0.0006010819479080356 0.0007374731878715743 0.0006323728919256127 
0.0898695 0.614 0.0007004070612936832 0.0005986228801629958 0.0007332094486080613 0.0006297353293804822 
0.0896156 0.615 0.0006966132023772263 0.0005961570655040382 0.000728959571349656 0.0006270915288621693 
0.08936150000000001 0.616 0.0006925553891493282 0.0005937368061683585 0.0007247235294995018 0.0006244422636549025 
0.08910710000000001 0.617 0.0006886725505001105 0.0005912765111817211 0.0007205012968413482 0.0006217873429854626 
0.0888523 0.618 0.0006843980181443327 0.0005887530392624453 0.0007162928475367582 0.0006191265639994296 
0.0885973 0.619 0.0006806259901938233 0.000586320690520028 0.0007120981561223129 0.0006164607184804263 
0.088342  0.62 0.0006766559941259865 0.00058385998262842 0.000707917197506826 0.0006137896066961623 
0.0880864 0.621 0.000672662906133014 0.0005814120852270355 0.0007037499469685381 0.0006111133585086561 
0.0878305 0.622 0.0006684860401331651 0.0005789010689701888 0.00069959638015233 0.0006084321038448382 
0.0875743 0.623 0.0006648895866974498 0.0005764050819641515 0.0006954564730669136 0.0006057459726916753 
0.08731789999999999 0.624 0.0006609745011354324 0.0005739331960155634 0.0006913302020820439 0.0006030554443917398 
0.0870611 0.625 0.0006570890123726238 0.0005714729451725318 0.0006872175439257072 0.0006003599530714034 
0.08680410000000001 0.626 0.0006531420377699893 0.0005689485541502655 0.0006831184756813218 0.0005976603300084729 
0.08654680000000001 0.627 0.0006494493155048542 0.0005664438341982147 0.0006790329747849298 0.0005949563559389506 
0.0862893 0.628 0.0006455265616367418 0.0005639709288255342 0.0006749610190223899 0.000592248520488109 
0.0860315 0.629 0.0006416603542906815 0.0005614841155533668 0.0006709025865265646 0.0005895365990958103 
0.0857734  0.63 0.0006378441628542918 0.0005589403131897844 0.0006668576557745093 0.0005868207217497093 
0.08551510000000001 0.631 0.0006341739545637869 0.0005564682377638513 0.000662826205584652 0.0005841013852048435 
0.0852565 0.632 0.0006304097605524926 0.0005539611212350405 0.000658808215113979 0.0005813783573471814 
0.0849976 0.633 0.0006262686984317671 0.0005514165183810394 0.0006548036638552065 0.0005786517680710033 
0.08473850000000001 0.634 0.0006226274544504366 0.0005489230830913642 0.0006508125316339635 0.0005759221207962462 
0.0844792 0.635 0.0006189038281200227 0.0005464287915572703 0.0006468347986059564 0.0005731895519172412 
0.0842196 0.636 0.0006152562040823723 0.0005438884293304935 0.0006428704452541402 0.0005704538197423071 
0.0839597 0.637 0.0006114586932120463 0.000541339117332049 0.0006389194523858821 0.0005677150538788516 
0.0836996 0.638 0.0006080440897747184 0.0005388171323856691 0.0006349818011301267 0.0005649737658210379 
0.08343930000000001 0.639 0.0006040730783764219 0.000536334933322722 0.0006310574729345489 0.0005622300910821049 
0.08317870000000001  0.64 0.0006003957558766593 0.0005337950786816098 0.0006271464495627086 0.0005594837790567367 
0.082918 0.641 0.0005966840107052317 0.0005312516505263195 0.0006232487130912053 0.0005567357343981761 
0.08265689999999999 0.642 0.0005931252353047785 0.0005287375026491177 0.0006193642459068166 0.000553984928721253 
0.0823957 0.643 0.0005895290706726135 0.000526191018256863 0.0006154930307036469 0.0005512326595658619 
0.0821342 0.644 0.0005858421351583394 0.0005236641181537505 0.0006116350504802605 0.0005484782802255147 
0.0818725 0.645 0.0005823202397802747 0.0005211056932904768 0.0006077902885368176 0.0005457223141648219 
0.0816106 0.646 0.0005786384693601812 0.0005185775774590035 0.0006039587284721997 0.0005429648949704231 
0.0813484 0.647 0.0005751087267660363 0.0005160361168315706 0.0006001403541811393 0.0005402057578041838 
0.08108610000000001 0.648 0.0005715022003503551 0.0005134928108901025 0.0005963351498513336 0.0005374458301951427 
0.08082349999999999 0.649 0.0005679949796367935 0.000510917027178076 0.0005925430999605626 0.0005346844470491538 
0.0805608  0.65 0.0005643954524445615 0.000508401635766987 0.0005887641892737989 0.0005319225415052959 
0.08029779999999999 0.651 0.0005608519211804099 0.0005058635295602691 0.0005849984028403121 0.0005291594416537705 
0.0800346 0.652 0.0005573278858105475 0.0005033167450532474 0.0005812457259907675 0.0005263956803493188 
0.07977119999999999 0.653 0.0005538059284027423 0.0005007341016427301 0.0005775061443343221 0.0005236313888903359 
0.0795076 0.654 0.0005503523283880732 0.0004982070951825284 0.0005737796437557143 0.0005208666982107839 
0.07924379999999999 0.655 0.0005469563894846068 0.0004956561851184386 0.0005700662104123477 0.0005181017388755624 
0.0789799 0.656 0.0005433400253845701 0.0004930959114405745 0.0005663658307313674 0.0005153370517539405 
0.0787157 0.657 0.0005399317143771888 0.0004905440047561891 0.000562678491406738 0.0005125719464838654 
0.0784513 0.658 0.0005364279236841599 0.0004880004853216512 0.0005590041793963042 0.0005098069619488842 
0.0781868 0.659 0.0005330055887385038 0.0004854559461155554 0.0005553428819188582 0.0005070426412843064 
0.07792199999999999  0.66 0.0005296205199670737 0.0004828595196749765 0.0005516945864511919 0.0005042782860061525 
0.0776571 0.661 0.0005261495411836576 0.0004803333470909403 0.0005480592807251479 0.000501514853521677 
0.077392 0.662 0.0005228050025533678 0.0004777827529358622 0.0005444369527246646 0.0004987520574607764 
0.07712680000000001 0.663 0.0005194565136028802 0.0004752466865280795 0.000540827590682811 0.0004959904431940977 
0.0768613 0.664 0.0005161656305749666 0.00047265547546719556 0.0005372311830788202 0.0004932293024052434 
0.07659569999999999 0.665 0.0005127703843749848 0.0004701187717534375 0.0005336477186351139 0.0004904695984933083 
0.07632989999999999 0.666 0.0005092621880614933 0.00046759848759365746 0.0005300771863143212 0.0004877110393487569 
0.07606399999999999 0.667 0.0005059953563090816 0.00046500566548588954 0.0005265195753162923 0.00048495417183780874 
0.0757978 0.668 0.000502649776975709 0.0004624246746762319 0.0005229748750751013 0.0004821982790745184 
0.0755316 0.669 0.0004993695296038669 0.00045991765567384335 0.0005194430752560495 0.0004794447517944743 
0.0752651  0.67 0.0004959789278929399 0.0004574128763627701 0.0005159241657526555 0.00047669244788368383 
0.07499850000000001 0.671 0.0004925587195504509 0.0004547742419002968 0.0005124181366836411 0.0004739423370438219 
0.0747318 0.672 0.0004893518430341709 0.00045222795026279286 0.0005089249783899115 0.0004711945441489109 
0.0744648 0.673 0.0004861202342880928 0.0004497173146255003 0.0005054446814315278 0.000468448343245917 
0.0741978 0.674 0.0004829533596373276 0.0004471399870745986 0.0005019772365846694 0.0004657051315769616 
0.0739306 0.675 0.0004795984625772918 0.00044453409920471314 0.0004985226348385983 0.000462964181508062 
0.0736632 0.676 0.00047641632134347165 0.00044212054639933355 0.0004950808673926024 0.00046022561403092233 
0.07339570000000001 0.677 0.00047322355862774117 0.00043945273723520936 0.0004916519256529465 0.00045748997641417136 
0.0731281 0.678 0.00046997041988219374 0.00043690535560328463 0.00048823580122980495 0.0004547573896676839 
0.07286029999999999 0.679 0.00046676172631655155 0.0004343126430087621 0.0004848324859341929 0.000452027546726232 
0.0725924  0.68 0.000463585956248466 0.0004318511416143472 0.00048144197177488895 0.0004493009940313538 
0.0723243 0.681 0.00046045414247899194 0.00042928954839688814 0.0004780642509553494 0.00044657742273587113 
0.0720561 0.682 0.0004572235052643166 0.00042678206113384257 0.0004746993158706147 0.00044385737855530595 
0.0717878 0.683 0.00045406747805797813 0.0004240897644218247 0.0004713471591042121 0.00044114097911567376 
0.07151940000000001 0.684 0.0004509439682801375 0.00042160115813476095 0.00046800777342504503 0.0004384283413096157 
0.0712508 0.685 0.0004477526300593141 0.0004191219187385418 0.00046468115178428137 0.00043571915301896034 
0.0709821 0.686 0.00044475692725930497 0.0004165317328726226 0.000461367287312227 0.0004330139578909789 
0.0707133 0.687 0.0004415651844483317 0.0004140407368087827 0.0004580661733151984 0.00043031287070951634 
0.0704443 0.688 0.0004384711290104288 0.0004115049578342355 0.0004547778032723834 0.0004276155772805897 
0.0701753 0.689 0.0004353951560319263 0.0004090183951837077 0.0004515021708326936 0.00042492304743955566 
0.0699061  0.69 0.00043226635748447225 0.0004063990958246111 0.00044823926981161415 0.000422234537416907 
0.0696368 0.691 0.0004292377534545834 0.0004040212641341203 0.0004449890941880391 0.0004195505873265435 
0.06936740000000001 0.692 0.0004262122825886199 0.0004014701468041217 0.0004417516381011036 0.00041687130829051066 
0.06909789999999999 0.693 0.00042313426440645884 0.000398865302056862 0.0004385268958470065 0.00041419681066640827 
0.0688283 0.694 0.00042013974189077476 0.000396424771535844 0.00043531486187582365 0.0004115272040440914 
0.0685585 0.695 0.00041704921697072823 0.00039383091554400917 0.00043211553078831625 0.00040886217036901535 
0.06828870000000001 0.696 0.0004141108767171367 0.0003913511648587027 0.00042892889733272936 0.0004062026717662038 
0.0680188 0.697 0.0004110037288756756 0.00038876986031027996 0.00042575495640158133 0.0004035483883293253 
0.0677487 0.698 0.00040807503060427333 0.0003862349109496485 0.0004225937030284478 0.0004008990007741212 
0.0674786 0.699 0.00040500644832919817 0.000383725935732781 0.00041944513238473686 0.0003982554667766419 
0.0672084   0.7 0.0004020620909725191 0.00038126000751720975 0.0004163092397764519 0.00039561746507806093 
