500 116.124
501 115.922
502 115.72
503 115.516
504 115.313
505 115.109
506 114.904
507 114.698
508 114.492
509 114.286
510 114.079
511 113.871
512 113.663
513 113.454
514 113.245
515 113.035
516 112.825
517 112.614
518 112.402
519 112.19
520 111.977
521 111.764
522 111.551
523 111.336
524 111.122
525 110.906
526 110.69
527 110.474
528 110.257
529 110.04
530 109.822
531 109.603
532 109.384
533 109.165
534 108.945
535 108.724
536 108.503
537 108.281
538 108.059
539 107.836
540 107.613
541 107.39
542 107.166
543 106.941
544 106.716
545 106.49
546 106.264
547 106.037
548 105.81
549 105.583
550 105.355
551 105.126
552 104.897
553 104.667
554 104.437
555 104.207
556 103.976
557 103.745
558 103.513
559 103.28
560 103.048
561 102.814
562 102.581
563 102.346
564 102.112
565 101.877
566 101.641
567 101.405
568 101.169
569 100.932
570 100.695
571 100.457
572 100.219
573 99.9806
574 99.7416
575 99.5023
576 99.2625
577 99.0223
578 98.7817
579 98.5406
580 98.2992
581 98.0574
582 97.8151
583 97.5725
584 97.3295
585 97.0861
586 96.8423
587 96.5981
588 96.3535
589 96.1085
590 95.8632
591 95.6175
592 95.3714
593 95.125
594 94.8782
595 94.631
596 94.3834
597 94.1356
598 93.8873
599 93.6387
600 93.3898
601 93.1405
602 92.8908
603 92.6408
604 92.3905
605 92.1399
606 91.8889
607 91.6376
608 91.386
609 91.134
610 90.8817
611 90.6291
612 90.3762
613 90.123
614 89.8695
615 89.6156
616 89.3615
617 89.1071
618 88.8523
619 88.5973
620 88.342
621 88.0864
622 87.8305
623 87.5743
624 87.3179
625 87.0611
626 86.8041
627 86.5468
628 86.2893
629 86.0315
630 85.7734
631 85.5151
632 85.2565
633 84.9976
634 84.7385
635 84.4792
636 84.2196
637 83.9597
638 83.6996
639 83.4393
640 83.1787
641 82.918
642 82.6569
643 82.3957
644 82.1342
645 81.8725
646 81.6106
647 81.3484
648 81.0861
649 80.8235
650 80.5608
651 80.2978
652 80.0346
653 79.7712
654 79.5076
655 79.2438
656 78.9799
657 78.7157
658 78.4513
659 78.1868
660 77.922
661 77.6571
662 77.392
663 77.1268
664 76.8613
665 76.5957
666 76.3299
667 76.064
668 75.7978
669 75.5316
670 75.2651
671 74.9985
672 74.7318
673 74.4648
674 74.1978
675 73.9306
676 73.6632
677 73.3957
678 73.1281
679 72.8603
680 72.5924
681 72.3243
682 72.0561
683 71.7878
684 71.5194
685 71.2508
686 70.9821
687 70.7133
688 70.4443
689 70.1753
690 69.9061
691 69.6368
692 69.3674
693 69.0979
694 68.8283
695 68.5585
696 68.2887
697 68.0188
698 67.7487
699 67.4786
700 67.2084